02,72430905176,20230101071753,20230101071914,11
01,79695719166,20220727160245,20220727162146,03
01,79109862134,20230125082334,20230125090759,03
01,74317434908,20220811024024,20220811033010,11
01,78368048916,20221210074232,20221210083524,11
01,75369935833,20230302082342,20230302092114,06
02,79118429710,20221227083910,20221227093315,11
01,74857290072,20230123194326,20230123202646,03
01,71453295350,20230206171055,20230206180159,11
02,79752713750,20221213063821,20221213070414,03
02,76587829442,20221028110659,20221028114823,11
01,79143605909,20230319003720,20230319013418,11
01,79971732781,20220902192618,20220902202541,11
01,71137382151,20230108124723,20230108131545,06
02,79727650606,20230108161805,20230108163134,11
01,78952834128,20220504073224,20220504074613,06
01,76414461887,20221119124507,20221119131804,03
02,79358323908,20221023165857,20221023175458,11
01,79583781116,20230314161623,20230314163445,03
01,75834895559,20230308191416,20230308194743,06
01,79940930587,20230304015444,20230304024825,03
01,76679826390,20221219165745,20221219172111,06
01,73014713615,20220903070547,20220903074838,11
01,79245009002,20221126170015,20221126170147,11
01,79236140426,20220904230850,20220904233508,06
02,75719201272,20230216071922,20230216081209,03
01,79996422375,20230127090404,20230127091336,06
02,75785660558,20230312064140,20230312070037,11
02,79775144603,20221202025054,20221202032705,06
02,78750423457,20230321035921,20230321040220,06
02,71067122819,20220408141423,20220408150027,06
01,79189907266,20230413053014,20230413055453,11
02,79129735854,20221002060546,20221002062819,03
01,77106268143,20220920223145,20220920223429,06
02,77052553220,20230417183555,20230417193301,11
01,74105742558,20230108234213,20230109002932,03
01,77991807627,20220807183057,20220807190141,06
02,79763059695,20221212004059,20221212012432,11
02,79090967362,20220731212409,20220731215927,06
01,79141288086,20221128084233,20221128092439,11
02,79671841425,20220707042651,20220707050949,06
02,72084500414,20230117205806,20230117210705,03
02,79059860160,20230215054740,20230215061031,11
01,79972861575,20220924062908,20220924063022,11
01,79675752189,20221206145942,20221206154058,06
01,71761130027,20230324233622,20230325002145,03
02,73751017187,20230217051807,20230217052933,06
01,71035452694,20221231075027,20221231075303,06
01,71281900769,20221021214459,20221021224142,11
02,70575040563,20221015011208,20221015014117,06
02,73688734590,20221015174222,20221015180548,03
01,79999766783,20230227163217,20230227165723,03
02,79613143076,20221227231917,20221227233605,06
02,79784127661,20220916190949,20220916193414,03
02,79569380422,20220920185115,20220920190534,11
02,73911453533,20221213013341,20221213021023,06
02,79550359535,20230317032157,20230317033926,03
02,79110162718,20221231042722,20221231043423,11
01,79931820303,20220812053245,20220812054212,06
01,74409186396,20230330200846,20230330202221,06
01,79914219161,20230302011011,20230302011457,06
01,75469807037,20230209044056,20230209051957,06
01,79059623911,20221117073456,20221117082719,11
01,79634438909,20220814162233,20220814172129,03
02,79796639052,20220419092739,20220419094341,06
01,73871924948,20220709144559,20220709152438,11
02,79251601716,20230217173659,20230217175818,06
01,79887231929,20230128022656,20230128023325,06
01,76284363982,20220517094557,20220517095847,11
01,79547620695,20221222063329,20221222071016,11
02,73860640184,20230206063335,20230206071445,11
02,72630505454,20230217074653,20230217084159,03
02,79815714809,20230103060211,20230103064506,03
01,76065609589,20230121132125,20230121141110,03
01,78034814365,20221009130642,20221009132133,11
02,70096540593,20230412121135,20230412124014,03
01,70016534223,20220916003713,20220916005700,11
01,74879194723,20221214201007,20221214203114,11
01,79517294826,20230320152327,20230320153202,11
01,79045508048,20220322112457,20220322121250,03
01,79116108246,20230114120227,20230114130225,11
02,79531194798,20230111160119,20230111165014,06
01,79033548952,20220811170623,20220811174708,06
01,79957162308,20230404193250,20230404195732,06
02,72689298017,20220925075317,20220925075518,06
02,72018128999,20230215225236,20230215233714,11
01,77725095327,20221229231204,20221230000834,11
01,79777029097,20230303105012,20230303105200,03
02,70183586646,20220619101028,20220619110229,06
02,78846878130,20230414183614,20230414191147,11
02,76922659068,20220821085033,20220821092300,03
02,79742038849,20220712025006,20220712025333,03
02,79833019763,20220723094637,20220723102420,06
01,75129989125,20230311085920,20230311094607,11
02,79126435787,20230325090539,20230325090720,03
02,74608787017,20220612155352,20220612160230,11
01,72362407739,20220809025925,20220809030650,03
02,79673874281,20221009180509,20221009182458,06
02,75641097521,20230129044134,20230129050252,03
01,77614211985,20221227154201,20221227154958,06
01,76377222521,20230307164652,20230307173909,06
01,71880931685,20230204105701,20230204105804,03
01,79265539006,20220804192731,20220804200158,03
01,79833178697,20221119000627,20221119003411,11
01,79696219232,20230208234845,20230209004150,06
02,79069903202,20220903201602,20220903202405,03
01,79970194518,20220813211243,20220813220002,11
01,78830063381,20230421003235,20230421003235,11
02,74973772714,20221221185211,20221221185739,11
02,79390151289,20221122074341,20221122082522,11
02,76522919742,20221229182755,20221229192714,06
01,77180579773,20221222014804,20221222024606,11
02,78121877239,20220204075837,20220204085015,06
01,76385752274,20230226180418,20230226184758,11
01,79722943972,20230108123818,20230108125454,03
01,79275123968,20220809060251,20220809063655,06
02,79880756249,20221112235836,20221113004141,06
01,71984529586,20220715133358,20220715142032,06
01,79983636462,20230422001956,20230422010849,11
01,79129914832,20230325063920,20230325073330,03
01,79025222861,20230114125158,20230114132534,03
02,79190934281,20230207141408,20230207144122,03
02,74667687799,20230418050947,20230418054544,06
01,79590365704,20230118233331,20230119001651,03
01,71011481905,20220415065011,20220415073022,11
02,79217069721,20221125100226,20221125105633,06
01,79075446910,20230410103919,20230410110132,06
02,79259256792,20220709004148,20220709004339,03
02,79050299491,20230311021637,20230311030529,11
01,77868516486,20220530222719,20220530225932,06
02,79781932282,20221005174355,20221005180124,11
02,73192224862,20221207053008,20221207053844,06
02,79632011708,20221118130537,20221118134027,03
01,79791746439,20230217012207,20230217015907,06
02,79763956313,20221028140437,20221028144012,06
02,77870367936,20221124154338,20221124161543,06
02,72444773300,20221220030253,20221220033514,06
01,73908852278,20220623201734,20220623202415,06
02,75121914965,20230225021622,20230225031137,06
02,79794622349,20221201164658,20221201171741,03
01,79872598807,20220906205330,20220906213529,11
02,79131451412,20230223134540,20230223140704,11
02,79088463195,20230414094246,20230414104037,06
01,79412541918,20220906023351,20220906024249,11
01,79736444662,20220919001147,20220919005405,03
01,79711584995,20220623012938,20220623021416,03
01,79613847235,20230224124521,20230224134122,03
02,79088014472,20221109205613,20221109215330,06
02,76635922525,20230412125752,20230412132325,03
02,79532620700,20221215194634,20221215203503,11
01,75603456382,20220417042726,20220417045129,06
01,79290232628,20230209072916,20230209074440,11
02,77985855603,20221231004405,20221231011829,06
01,79510560379,20230212133405,20230212140129,03
02,73448648376,20230207001731,20230207010319,11
02,78114240014,20230327120436,20230327123827,11
02,78695569014,20221215220916,20221215230002,06
02,79094289272,20220612020854,20220612021749,11
01,79783941768,20220714124818,20220714130204,11
02,73363786972,20230323165707,20230323175504,06
01,74052813338,20221113161405,20221113165536,06
02,79857276437,20230330133400,20230330134223,11
01,79817404678,20230130203605,20230130204009,03
02,74534775755,20220710200406,20220710204638,03
02,75270866217,20221209225807,20221209233815,03
01,79747692391,20230119140421,20230119144156,06
01,70717446703,20230217174935,20230217175744,11
01,79916004568,20230206213050,20230206215907,03
01,75055053709,20220712163623,20220712172548,06
01,79042612961,20230322195601,20230322204848,11
02,79620752014,20221111090701,20221111092718,11
02,78838046794,20230404030948,20230404031715,06
01,71656739062,20220416130641,20220416140548,11
01,72430905176,20230405013808,20230405015913,11
02,79695719166,20221002230932,20221002235942,03
01,79109862134,20230416154203,20230416161723,03
02,74317434908,20221220092514,20221220093940,11
01,78368048916,20230410154154,20230410161251,11
01,75369935833,20230408201301,20230408205152,06
01,79118429710,20230115174121,20230115175509,11
02,74857290072,20230321051937,20230321055613,03
02,71453295350,20230330003808,20230330005210,11
02,79752713750,20230418190632,20230418195520,03
02,76587829442,20230411032716,20230411035413,11
01,79143605909,20230421021656,20230421030835,11
02,79971732781,20221203004711,20221203005937,11
01,71137382151,20230207210738,20230207220523,06
01,79727650606,20230302024523,20230302033555,11
01,78952834128,20220721003716,20220721005241,06
01,76414461887,20230227225746,20230227235528,03
02,79358323908,20230209122436,20230209131744,11
01,79583781116,20230415234629,20230416002333,03
02,75834895559,20230328203959,20230328204552,06
01,79940930587,20230413191645,20230413201237,03
02,76679826390,20230401025751,20230401030848,06
02,73014713615,20230308021015,20230308025000,11
02,79245009002,20221221075435,20221221085430,11
01,79236140426,20220908160705,20220908163048,06
01,75719201272,20230325002430,20230325005852,03
02,79996422375,20230325212455,20230325221138,06
01,75785660558,20230324130257,20230324131406,11
02,79775144603,20230208165938,20230208174249,06
01,78750423457,20230325011712,20230325014008,06
02,71067122819,20220625143509,20220625151335,06
02,79189907266,20230416172559,20230416180406,11
02,79129735854,20230301175552,20230301183840,03
01,77106268143,20221110202714,20221110203145,06
01,77052553220,20230418084929,20230418094259,11
01,74105742558,20230130054121,20230130062705,03
01,77991807627,20230315010125,20230315014513,06
01,79763059695,20230303184608,20230303184852,11
02,79090967362,20221007160340,20221007161244,06
01,79141288086,20221209200012,20221209200934,11
02,79671841425,20230201213210,20230201220225,06
02,72084500414,20230223075810,20230223083728,03
02,79059860160,20230326232432,20230327000351,11
01,79972861575,20230122111535,20230122113328,11
02,79675752189,20230120110709,20230120111429,06
01,71761130027,20230412053318,20230412055133,03
02,73751017187,20230305184537,20230305185359,06
01,71035452694,20230116045608,20230116050133,06
01,71281900769,20230127214457,20230127222512,11
02,70575040563,20221212194727,20221212200912,06
02,73688734590,20221204224722,20221204232836,03
01,79999766783,20230320114851,20230320122941,03
02,79613143076,20230122174056,20230122180052,06
02,79784127661,20230312142259,20230312144853,03
01,79569380422,20230225043510,20230225051023,11
02,73911453533,20230418085503,20230418091315,06
02,79550359535,20230320173116,20230320181710,03
01,79110162718,20230418054100,20230418054704,11
01,79931820303,20220924002332,20220924010548,06
02,74409186396,20230408052539,20230408052920,06
01,79914219161,20230316191641,20230316195753,06
01,75469807037,20230329015231,20230329020418,06
01,79059623911,20230326125522,20230326135111,11
02,79634438909,20220918215536,20220918220656,03
02,79796639052,20220524122039,20220524125532,06
01,73871924948,20221002173112,20221002175011,11
01,79251601716,20230315164403,20230315165036,06
01,79887231929,20230202055622,20230202060348,06
02,76284363982,20221014130223,20221014135600,11
01,79547620695,20230412090050,20230412092303,11
01,73860640184,20230408160013,20230408160117,11
02,72630505454,20230330205031,20230330212641,03
02,79815714809,20230419034712,20230419042304,03
02,76065609589,20230415142650,20230415145047,03
01,78034814365,20221018091113,20221018091435,11
02,70096540593,20230414224213,20230414233816,03
01,70016534223,20221012182112,20221012183608,11
01,74879194723,20230217022402,20230217030843,11
01,79517294826,20230418072109,20230418074341,11
02,79045508048,20220515091927,20220515100643,03
01,79116108246,20230204020858,20230204022720,11
02,79531194798,20230328050308,20230328050436,06
02,79033548952,20230421102735,20230421103504,06
02,79957162308,20230409205241,20230409215005,06
02,72689298017,20221231185924,20221231195300,06
01,72018128999,20230417195453,20230417200248,11
01,77725095327,20230104121959,20230104123844,11
02,79777029097,20230305145824,20230305153808,03
01,70183586646,20230224062157,20230224062508,06
01,78846878130,20230421031658,20230421034552,11
01,76922659068,20221015043559,20221015044624,03
02,79742038849,20230311170931,20230311174623,03
02,79833019763,20220825030753,20220825040227,06
01,75129989125,20230404012201,20230404013434,11
01,79126435787,20230401135700,20230401143008,03
02,74608787017,20230203070130,20230203072815,11
01,72362407739,20230216162429,20230216171138,03
02,79673874281,20230309023611,20230309023703,06
02,75641097521,20230130195939,20230130205919,03
01,77614211985,20230405115152,20230405123843,06
02,76377222521,20230416004752,20230416010859,06
01,71880931685,20230226213037,20230226220423,03
02,79265539006,20230111192353,20230111202210,03
02,79833178697,20230220013732,20230220015041,11
01,79696219232,20230212034613,20230212043650,06
01,79069903202,20221219065251,20221219070806,03
02,79970194518,20230101170027,20230101172131,11
02,78830063381,20230421033537,20230421040749,11
01,74973772714,20230115033429,20230115034410,11
02,79390151289,20230128012232,20230128014103,11
01,76522919742,20230325134049,20230325135523,06
01,77180579773,20230321011312,20230321015102,11
01,78121877239,20220221113608,20220221114821,06
01,76385752274,20230329130231,20230329132122,11
01,79722943972,20230127080228,20230127082334,03
02,79275123968,20220930202901,20220930210719,06
02,79880756249,20221123203753,20221123211554,06
02,71984529586,20230413051221,20230413055425,06
02,79983636462,20230422150220,20230422150221,11
01,79129914832,20230331231844,20230331234533,03
02,79025222861,20230119064708,20230119065243,03
02,79190934281,20230406022515,20230406023404,03
02,74667687799,20230418171709,20230418180918,06
02,79590365704,20230205024246,20230205031211,03
01,71011481905,20220520164920,20220520172005,11
02,79217069721,20230305044118,20230305052901,06
02,79075446910,20230417151528,20230417160249,06
02,79259256792,20230224174041,20230224182215,03
02,79050299491,20230420004542,20230420014146,11
01,77868516486,20220703164421,20220703170609,06
02,79781932282,20230324055634,20230324063422,11
01,73192224862,20230129191257,20230129194914,06
01,79632011708,20230107063603,20230107065905,03
01,79791746439,20230404143145,20230404150053,06
01,79763956313,20230108062049,20230108062505,06
01,77870367936,20230319135827,20230319145207,06
01,72444773300,20230209230025,20230209235014,06
02,73908852278,20220718105506,20220718110000,06
02,75121914965,20230327152931,20230327153423,06
02,79794622349,20230407172231,20230407180857,03
01,79872598807,20230214225601,20230214233212,11
01,79131451412,20230308162656,20230308171811,11
02,79088463195,20230419140949,20230419143117,06
02,79412541918,20221228091735,20221228094006,11
02,79736444662,20230303133518,20230303141435,03
01,79711584995,20221207165039,20221207172648,03
01,79613847235,20230328181521,20230328182432,03
02,79088014472,20221207103243,20221207111953,06
02,76635922525,20230421195557,20230421200531,03
02,79532620700,20230320170329,20230320175915,11
02,75603456382,20220917012714,20220917021039,06
01,79290232628,20230409112045,20230409112810,11
02,77985855603,20230129040622,20230129043700,06
02,79510560379,20230417040019,20230417042725,03
01,73448648376,20230221143112,20230221152805,11
02,78114240014,20230327224012,20230327225438,11
01,78695569014,20230302135023,20230302140308,06
02,79094289272,20221213162300,20221213170332,11
02,79783941768,20221001225843,20221001235111,11
01,73363786972,20230414160643,20230414170246,06
01,74052813338,20230119160124,20230119164327,06
01,79857276437,20230417020853,20230417021745,11
01,79817404678,20230417020433,20230417022354,03
01,74534775755,20230120204029,20230120212009,03
01,75270866217,20230110053632,20230110060419,03
01,79747692391,20230317030153,20230317031446,06
01,70717446703,20230418113953,20230418114607,11
01,79916004568,20230217155744,20230217165022,03
02,75055053709,20220815225750,20220815230729,06
02,79042612961,20230404085753,20230404095739,11
01,79620752014,20221211103730,20221211105902,11
01,78838046794,20230422125235,20230422131038,06
01,71656739062,20230329233707,20230330003421,11
01,72430905176,20230405232451,20230406000958,11
01,79695719166,20221228082336,20221228091558,03
01,72430905176,20230421131829,20230421141535,11
01,79695719166,20230221011143,20230221020309,03
01,79109862134,20230419065049,20230419072914,03
01,74317434908,20230417183419,20230417184413,11
01,72430905176,20230421201519,20230421202824,11
02,79695719166,20230318022457,20230318031228,03
02,79109862134,20230419190641,20230419192417,03
01,74317434908,20230421160529,20230421170446,11
02,78368048916,20230422134656,20230422141155,11
01,75369935833,20230411125616,20230411134207,06
02,79118429710,20230213045924,20230213053754,11
02,74857290072,20230401174502,20230401183442,03
02,71453295350,20230412010625,20230412013006,11
02,79752713750,20230420170932,20230420180250,03
01,72430905176,20230422054913,20230422060240,11
01,79695719166,20230328062324,20230328071427,03
02,79109862134,20230421043603,20230421050055,03
01,74317434908,20230422062336,20230422065427,11
02,72430905176,20230422074224,20230422080442,11
01,79695719166,20230330235108,20230331002224,03
01,79109862134,20230422025737,20230422033118,03
02,79695719166,20230413233548,20230413235256,03
01,74317434908,20230422083040,20230422084057,11
02,78368048916,20230422141437,20230422145937,11
01,75369935833,20230422071507,20230422073644,06
02,79118429710,20230413000446,20230413005324,11
02,79695719166,20230417220603,20230417224536,03
01,79695719166,20230420024016,20230420032951,03
01,79695719166,20230420141629,20230420151605,03
02,74317434908,20230422113152,20230422122939,11
02,78368048916,20230422150054,20230422154352,11
02,75369935833,20230422110220,20230422112904,06
02,79695719166,20230420234516,20230420234659,03
02,74317434908,20230422134444,20230422144327,11
01,78368048916,20230422154436,20230422162906,11
01,74857290072,20230417141441,20230417144123,03
02,71453295350,20230422135040,20230422144334,11
01,79752713750,20230421183430,20230421192619,03
02,76587829442,20230417171909,20230417172232,11
02,79143605909,20230421182118,20230421183549,11
02,79971732781,20230315143314,20230315145452,11
02,71137382151,20230226055417,20230226061736,06
01,79727650606,20230402233722,20230402233954,11
01,78952834128,20221203200221,20221203203443,06
02,76414461887,20230311124736,20230311133312,03
01,79358323908,20230417014311,20230417020341,11
01,79583781116,20230419002001,20230419010508,03
02,75834895559,20230417084837,20230417093738,06
01,79940930587,20230419022433,20230419025146,03
01,76679826390,20230411151703,20230411161657,06
01,73014713615,20230420175459,20230420182150,11
02,79245009002,20230115174545,20230115183638,11
01,79236140426,20221226003815,20221226010852,06
01,75719201272,20230417012826,20230417022219,03
01,79996422375,20230402192553,20230402193550,06
02,79695719166,20230422112030,20230422121441,03
02,74317434908,20230422144850,20230422150128,11
01,78368048916,20230422162921,20230422165647,11
02,74857290072,20230418044455,20230418052204,03
01,71453295350,20230422144420,20230422144549,11
01,79752713750,20230422094342,20230422103052,03
01,76587829442,20230420153432,20230420153554,11
01,79143605909,20230421204310,20230421211729,11
01,79971732781,20230331162900,20230331163527,11
02,74317434908,20230422150344,20230422153545,11
02,78368048916,20230422170246,20230422170804,11
02,74857290072,20230419013114,20230419020541,03
02,71453295350,20230422145308,20230422150634,11
01,74317434908,20230422154505,20230422164335,11
01,78368048916,20230422172505,20230422174241,11
01,74857290072,20230420071540,20230420072342,03
02,71453295350,20230422150634,20230422151810,11
02,79752713750,20230422132239,20230422140536,03
01,74317434908,20230422171029,20230422172109,11
01,78368048916,20230422175334,20230422184027,11
02,74857290072,20230421065642,20230421073447,03
02,71453295350,20230422155504,20230422163935,11
02,74317434908,20230422181659,20230422181906,11
01,78368048916,20230422193132,20230422193308,11
01,78368048916,20230422195853,20230422202206,11
01,74857290072,20230422103941,20230422113322,03
02,79752713750,20230422145135,20230422154752,03
01,76587829442,20230421021734,20230421022548,11
02,79143605909,20230421233233,20230422001032,11
01,71137382151,20230410190200,20230410191251,06
02,79727650606,20230419141554,20230419142139,11
01,78952834128,20221212175044,20221212175721,06
02,76414461887,20230321115916,20230321121712,03
01,78368048916,20230422203123,20230422210458,11
01,74857290072,20230422124215,20230422130223,03
02,78368048916,20230422215627,20230422222911,11
01,79752713750,20230422163203,20230422164209,03
01,76587829442,20230422104013,20230422113244,11
02,79143605909,20230422142001,20230422142724,11
02,71137382151,20230416044720,20230416054332,06
02,79727650606,20230422094200,20230422103454,11
01,78952834128,20230303213211,20230303220739,06
02,76414461887,20230329192600,20230329193029,03
02,79358323908,20230417145136,20230417153554,11
01,79583781116,20230421102415,20230421110549,03
01,75834895559,20230422103927,20230422110241,06
01,79752713750,20230422171232,20230422180959,03
01,76587829442,20230422133249,20230422141035,11
02,79143605909,20230422145307,20230422154744,11
01,71137382151,20230421075911,20230421080035,06
02,79752713750,20230422183905,20230422184535,03
01,79752713750,20230422194240,20230422194945,03
02,76587829442,20230422144144,20230422150259,11
02,79752713750,20230422202605,20230422211103,03
01,79143605909,20230422162111,20230422162616,11
02,79727650606,20230422111227,20230422111227,11
02,78952834128,20230417185117,20230417194702,06
02,76414461887,20230411041646,20230411045729,03
02,79358323908,20230420133753,20230420134053,11
02,79583781116,20230421153544,20230421155744,03
02,79143605909,20230422165510,20230422165905,11
01,79727650606,20230422111748,20230422120741,11
01,78952834128,20230419135126,20230419142155,06
02,79727650606,20230422144032,20230422153453,11
02,76414461887,20230419212920,20230419214424,03
01,79358323908,20230420213848,20230420221648,11
02,79940930587,20230420223843,20230420224344,03
02,76679826390,20230420023518,20230420025057,06
02,73014713615,20230421170819,20230421174123,11
02,79245009002,20230206083515,20230206093057,11
01,79727650606,20230422160648,20230422165219,11
02,76414461887,20230420064418,20230420074124,03
02,79358323908,20230421063343,20230421071720,11
02,76414461887,20230421164908,20230421172740,03
01,76414461887,20230422031636,20230422041526,03
01,79940930587,20230421164615,20230421173107,03
02,76679826390,20230421034033,20230421034423,06
01,73014713615,20230422062847,20230422070411,11
02,79245009002,20230210020750,20230210022611,11
01,79236140426,20230308145731,20230308154210,06
02,75719201272,20230418210535,20230418214818,03
01,79996422375,20230421180111,20230421180518,06
02,75785660558,20230405214405,20230405224041,11
02,79775144603,20230210234427,20230211002158,06
02,78750423457,20230330093848,20230330103701,06
01,71067122819,20230115061309,20230115064348,06
01,79189907266,20230417034840,20230417042145,11
01,79129735854,20230401005223,20230401005348,03
01,79940930587,20230422051920,20230422061031,03
01,76679826390,20230422090821,20230422094924,06
02,73014713615,20230422120917,20230422122836,11
01,79245009002,20230319045351,20230319053500,11
02,79236140426,20230328185352,20230328191635,06
01,75719201272,20230421094417,20230421101920,03
02,79996422375,20230422045601,20230422052254,06
02,75785660558,20230419180949,20230419185459,11
01,79775144603,20230308181338,20230308191206,06
02,78750423457,20230413144520,20230413152741,06
01,71067122819,20230127231258,20230127235444,06
02,79189907266,20230417091202,20230417100902,11
01,77106268143,20230113163159,20230113170125,06
02,77052553220,20230420215829,20230420221438,11
02,74105742558,20230323011355,20230323013845,03
02,77991807627,20230329040012,20230329043139,06
02,79763059695,20230317120437,20230317122446,11
01,79090967362,20230409145959,20230409151051,06
01,79141288086,20230319165051,20230319174704,11
01,79671841425,20230220194259,20230220195514,06
02,72084500414,20230405082040,20230405090031,03
02,79059860160,20230412090700,20230412091122,11
01,79972861575,20230414211726,20230414221605,11
01,79675752189,20230320192301,20230320194759,06
02,71761130027,20230413115420,20230413125148,03
01,73751017187,20230306012426,20230306015901,06
02,71035452694,20230118104707,20230118104918,06
02,71281900769,20230401111737,20230401113418,11
01,70575040563,20230306071105,20230306074915,06
01,73688734590,20230411015044,20230411022217,03
02,79999766783,20230415053414,20230415060334,03
01,79940930587,20230422145634,20230422154348,03
02,76679826390,20230422135613,20230422143602,06
02,73014713615,20230422150402,20230422151855,11
01,79245009002,20230328143102,20230328145412,11
01,79236140426,20230407185035,20230407190350,06
02,75719201272,20230421182525,20230421183753,03
01,79940930587,20230422155347,20230422160647,03
02,76679826390,20230422144426,20230422150439,06
01,79940930587,20230422161843,20230422165923,03
01,73014713615,20230422161626,20230422162450,11
01,79245009002,20230406014138,20230406022922,11
01,79236140426,20230415080953,20230415082009,06
02,75719201272,20230422073637,20230422075248,03
01,79996422375,20230422054114,20230422060139,06
02,75785660558,20230420062914,20230420070935,11
02,79940930587,20230422171710,20230422181220,03
02,73014713615,20230422164744,20230422174238,11
02,79245009002,20230414073842,20230414082647,11
02,79236140426,20230419091856,20230419100553,06
01,75719201272,20230422091604,20230422100709,03
02,79996422375,20230422110349,20230422110655,06
01,79775144603,20230404213015,20230404214611,06
02,78750423457,20230420012230,20230420015404,06
01,79940930587,20230422184122,20230422184303,03
02,73014713615,20230422180634,20230422182355,11
01,79245009002,20230421221200,20230421223546,11
01,79236140426,20230420205449,20230420211837,06
02,75719201272,20230422135808,20230422142843,03
02,79940930587,20230422191258,20230422191448,03
02,73014713615,20230422185502,20230422191803,11
01,79245009002,20230422073659,20230422080529,11
02,79236140426,20230421133232,20230421140634,06
01,75719201272,20230422150657,20230422153355,03
01,79996422375,20230422111910,20230422114229,06
01,79775144603,20230406183609,20230406192411,06
02,79245009002,20230422121528,20230422124636,11
01,79236140426,20230422143819,20230422144504,06
02,75719201272,20230422154950,20230422162713,03
01,79996422375,20230422135057,20230422141449,06
02,78750423457,20230421181016,20230421182120,06
02,71067122819,20230331191901,20230331201152,06
01,75719201272,20230422162816,20230422165126,03
01,79996422375,20230422142805,20230422143158,06
02,78750423457,20230421224713,20230421231717,06
01,71067122819,20230408183338,20230408190538,06
02,79189907266,20230420174608,20230420175923,11
01,77106268143,20230330111214,20230330115311,06
02,77052553220,20230421145301,20230421150319,11
01,74105742558,20230419084314,20230419091506,03
02,77991807627,20230420002350,20230420012013,06
01,79763059695,20230319201933,20230319204943,11
02,79996422375,20230422144712,20230422152424,06
01,78750423457,20230422031119,20230422040953,06
02,71067122819,20230414034718,20230414043307,06
02,79189907266,20230420230228,20230420231549,11
02,79996422375,20230422152703,20230422154107,06
02,78750423457,20230422092108,20230422101119,06
01,71067122819,20230416172456,20230416180340,06
01,77106268143,20230413191432,20230413195945,06
01,77052553220,20230421211921,20230421220247,11
01,74105742558,20230419234403,20230420003229,03
01,77991807627,20230420231740,20230420234357,06
01,79763059695,20230415170141,20230415170242,11
02,79090967362,20230419192928,20230419202430,06
01,79996422375,20230422161050,20230422161725,06
01,78750423457,20230422144501,20230422145553,06
02,71067122819,20230420021650,20230420024237,06
02,79996422375,20230422170527,20230422172559,06
01,78750423457,20230422150636,20230422153401,06
02,71067122819,20230422085539,20230422090944,06
02,78750423457,20230422154903,20230422160422,06
01,71067122819,20230422123445,20230422133421,06
02,71067122819,20230422140054,20230422141029,06
01,77106268143,20230416061621,20230416062258,06
02,77052553220,20230422045205,20230422050858,11
01,74105742558,20230422044127,20230422052920,03
01,77991807627,20230422134537,20230422135409,06
01,79763059695,20230416020625,20230416022844,11
01,79141288086,20230401165533,20230401173436,11
01,79671841425,20230331232816,20230401002756,06
01,72084500414,20230406221452,20230406230915,03
02,79059860160,20230417062409,20230417071625,11
01,79972861575,20230422142035,20230422150621,11
01,79675752189,20230404170942,20230404175615,06
01,71761130027,20230414084215,20230414092630,03
01,73751017187,20230408115444,20230408120324,06
01,71035452694,20230319172540,20230319173550,06
01,71281900769,20230418100726,20230418105515,11
01,70575040563,20230420100415,20230420104059,06
01,73688734590,20230419163944,20230419172214,03
01,79613143076,20230416154818,20230416162702,06
02,79784127661,20230329025813,20230329032741,03
02,79569380422,20230305085111,20230305091706,11
02,73911453533,20230418125938,20230418131436,06
01,79550359535,20230414160608,20230414164854,03
02,77106268143,20230416133213,20230416133341,06
02,77052553220,20230422123237,20230422131435,11
01,74105742558,20230422083758,20230422084518,03
01,77991807627,20230422143631,20230422151137,06
02,79763059695,20230420221526,20230420230402,11
01,79141288086,20230420005649,20230420005816,11
02,77106268143,20230421171317,20230421174508,06
02,77052553220,20230422140614,20230422144821,11
02,74105742558,20230422100030,20230422103201,03
01,77106268143,20230421215013,20230421221637,06
01,77052553220,20230422144901,20230422152350,11
01,77991807627,20230422152035,20230422161217,06
02,77106268143,20230422114212,20230422121204,06
01,77052553220,20230422161422,20230422162954,11
02,77991807627,20230422165108,20230422174013,06
02,77106268143,20230422124218,20230422133841,06
01,77052553220,20230422172311,20230422173542,11
01,77106268143,20230422143231,20230422152422,06
02,79763059695,20230422150712,20230422152526,11
02,79141288086,20230420215227,20230420220807,11
01,79671841425,20230414174245,20230414182700,06
01,72084500414,20230419030201,20230419030544,03
01,77106268143,20230422155539,20230422155728,06
02,79763059695,20230422162404,20230422163147,11
02,79141288086,20230422100208,20230422110135,11
02,79671841425,20230418043359,20230418053217,06
02,72084500414,20230419174800,20230419183236,03
02,79059860160,20230421214007,20230421223619,11
01,79972861575,20230422150644,20230422152744,11
02,79675752189,20230416052524,20230416052953,06
02,71761130027,20230419230129,20230419233747,03
01,73751017187,20230413015354,20230413021402,06
02,71035452694,20230414023623,20230414032522,06
02,71281900769,20230420023046,20230420023954,11
01,70575040563,20230420173026,20230420173042,06
02,73688734590,20230419195905,20230419204206,03
02,79613143076,20230417124109,20230417132141,06
02,79784127661,20230410110857,20230410120416,03
02,79569380422,20230312035207,20230312043740,11
02,73911453533,20230420102142,20230420111416,06
02,79763059695,20230422170331,20230422171220,11
01,79141288086,20230422134918,20230422140846,11
02,79671841425,20230421234446,20230422001000,06
01,72084500414,20230421021511,20230421030303,03
02,79059860160,20230422042105,20230422044911,11
01,79763059695,20230422180100,20230422180837,11
02,79141288086,20230422144629,20230422154308,11
01,79671841425,20230422071005,20230422080142,06
02,79141288086,20230422160227,20230422165133,11
01,72084500414,20230421233955,20230422000815,03
01,79059860160,20230422055235,20230422064026,11
01,79972861575,20230422160425,20230422162800,11
01,79141288086,20230422172519,20230422174904,11
01,72084500414,20230422082011,20230422082038,03
01,79059860160,20230422132928,20230422140827,11
02,79972861575,20230422171521,20230422180938,11
02,79675752189,20230419204749,20230419211904,06
01,71761130027,20230422073350,20230422073621,03
01,73751017187,20230419035149,20230419043615,06
02,71035452694,20230420092936,20230420095224,06
01,71281900769,20230421205345,20230421210037,11
02,70575040563,20230422124041,20230422130744,06
01,73688734590,20230420235102,20230421004705,03
02,79613143076,20230421142022,20230421145213,06
02,79784127661,20230418110215,20230418113912,03
02,79569380422,20230415024229,20230415030845,11
01,73911453533,20230421200245,20230421200441,06
02,79550359535,20230417062149,20230417070551,03
02,79110162718,20230418172429,20230418180010,11
01,79931820303,20221110010450,20221110014730,06
02,79059860160,20230422145920,20230422155102,11
01,79972861575,20230422182814,20230422192358,11
01,79675752189,20230420231958,20230421001710,06
01,71761130027,20230422142645,20230422150109,03
02,73751017187,20230422060529,20230422064756,06
01,79059860160,20230422160303,20230422164244,11
02,79972861575,20230422192457,20230422201316,11
02,79675752189,20230421181040,20230421183507,06
02,79059860160,20230422172921,20230422173708,11
02,79972861575,20230422203812,20230422212611,11
02,71761130027,20230422150339,20230422152340,03
02,71035452694,20230421203739,20230421212642,06
02,71281900769,20230422004716,20230422011512,11
01,70575040563,20230422132946,20230422134043,06
01,73688734590,20230422045843,20230422052549,03
02,79613143076,20230421232144,20230421233740,06
02,79784127661,20230420202029,20230420205606,03
02,79569380422,20230421204033,20230421213742,11
02,79059860160,20230422174534,20230422181012,11
01,79972861575,20230422215820,20230422225006,11
02,71761130027,20230422154200,20230422154711,03
02,71035452694,20230422013157,20230422015459,06
01,71281900769,20230422043015,20230422044257,11
01,70575040563,20230422145632,20230422151429,06
02,73688734590,20230422082820,20230422085932,03
01,79613143076,20230422150320,20230422155501,06
02,71035452694,20230422083302,20230422083905,06
02,71281900769,20230422054956,20230422060948,11
02,70575040563,20230422152156,20230422154832,06
01,71035452694,20230422134537,20230422140029,06
02,71281900769,20230422063256,20230422070751,11
01,70575040563,20230422155156,20230422164350,06
02,71035452694,20230422142735,20230422145823,06
01,71281900769,20230422142306,20230422144146,11
02,71035452694,20230422150027,20230422155631,06
02,71281900769,20230422150007,20230422154905,11
02,73688734590,20230422102817,20230422105848,03
02,79784127661,20230422145840,20230422153655,03
01,79569380422,20230422064518,20230422071150,11
01,73911453533,20230422124224,20230422125507,06
01,71035452694,20230422162352,20230422171332,06
02,71281900769,20230422162145,20230422170501,11
02,73688734590,20230422114252,20230422121537,03
02,79784127661,20230422160610,20230422162004,03
01,79569380422,20230422103136,20230422105732,11
02,79550359535,20230422141724,20230422145940,03
02,79110162718,20230418235818,20230419004905,11
01,74409186396,20230409203352,20230409204740,06
01,79914219161,20230420220452,20230420220942,06
01,75469807037,20230417091809,20230417094731,06
02,79059623911,20230331000556,20230331001406,11
02,79634438909,20220930130126,20220930134815,03
02,79796639052,20220810140540,20220810150537,06
01,73871924948,20230316071142,20230316075227,11
01,79251601716,20230410192327,20230410201431,06
01,71035452694,20230422171852,20230422180736,06
02,71281900769,20230422174025,20230422183900,11
02,73688734590,20230422123130,20230422131627,03
02,73688734590,20230422142337,20230422151737,03
01,79784127661,20230422171526,20230422174452,03
02,79569380422,20230422133314,20230422142830,11
02,79784127661,20230422180804,20230422184325,03
01,79784127661,20230422190352,20230422190504,03
02,79550359535,20230422150408,20230422150722,03
02,79110162718,20230419173431,20230419181505,11
01,79784127661,20230422193206,20230422195654,03
02,79784127661,20230422204510,20230422210625,03
02,79550359535,20230422150808,20230422151641,03
02,79110162718,20230421202037,20230421211143,11
01,74409186396,20230416112819,20230416121722,06
02,79914219161,20230421190829,20230421192146,06
01,79784127661,20230422211547,20230422215504,03
01,79550359535,20230422151700,20230422155310,03
01,79110162718,20230422090643,20230422095646,11
01,74409186396,20230422012245,20230422015639,06
01,79914219161,20230422144531,20230422145719,06
02,75469807037,20230419193451,20230419200744,06
01,79059623911,20230408045500,20230408054819,11
02,79634438909,20230418130822,20230418132628,03
02,79796639052,20221225001652,20221225003257,06
01,73871924948,20230325032631,20230325041506,11
01,79550359535,20230422162207,20230422172020,03
02,79110162718,20230422141318,20230422144206,11
02,79110162718,20230422150935,20230422153003,11
02,74409186396,20230422022147,20230422031042,06
01,79914219161,20230422145812,20230422155508,06
01,75469807037,20230421150541,20230421152533,06
02,79110162718,20230422154746,20230422162253,11
01,74409186396,20230422044743,20230422050522,06
02,79914219161,20230422164316,20230422173137,06
01,75469807037,20230422060619,20230422064639,06
01,79059623911,20230409011040,20230409015628,11
01,74409186396,20230422112931,20230422122705,06
01,79914219161,20230422180856,20230422183851,06
02,75469807037,20230422071525,20230422080507,06
02,74409186396,20230422145708,20230422152026,06
01,79914219161,20230422184331,20230422184909,06
02,79059623911,20230420025612,20230420032331,11
01,74409186396,20230422154210,20230422161514,06
02,79914219161,20230422191915,20230422192900,06
01,79634438909,20230422012554,20230422013659,03
01,79796639052,20230412152144,20230412155131,06
02,73871924948,20230401160308,20230401164449,11
02,79887231929,20230223234911,20230224004646,06
01,76284363982,20230406124003,20230406133858,11
02,79547620695,20230416053223,20230416054630,11
01,74409186396,20230422170355,20230422174046,06
01,79914219161,20230422201531,20230422202219,06
01,74409186396,20230422180238,20230422184221,06
01,79914219161,20230422204757,20230422211914,06
02,74409186396,20230422185232,20230422192547,06
01,79634438909,20230422131644,20230422140215,03
02,79796639052,20230416115328,20230416120650,06
02,73871924948,20230421021001,20230421030652,11
01,79634438909,20230422142820,20230422145331,03
02,79796639052,20230418203636,20230418213331,06
02,73871924948,20230422061010,20230422070232,11
02,79634438909,20230422145436,20230422152048,03
01,79796639052,20230419170633,20230419171346,06
01,79634438909,20230422152442,20230422154513,03
01,79796639052,20230422104049,20230422113620,06
02,79887231929,20230405045515,20230405053043,06
02,79634438909,20230422163100,20230422163617,03
01,79796639052,20230422143617,20230422144052,06
01,76284363982,20230409150413,20230409152128,11
02,73860640184,20230420012424,20230420013711,11
02,72630505454,20230414163502,20230414165800,03
01,79815714809,20230420192553,20230420195230,03
02,76065609589,20230416112150,20230416112210,03
02,78034814365,20230122015400,20230122015718,11
02,70096540593,20230418155836,20230418160514,03
02,70016534223,20230308051613,20230308055207,11
02,74879194723,20230401075808,20230401080559,11
02,79634438909,20230422172237,20230422174609,03
02,79796639052,20230422145237,20230422152207,06
01,79634438909,20230422181524,20230422184114,03
02,76284363982,20230417003203,20230417004844,11
02,73860640184,20230422082818,20230422084322,11
01,72630505454,20230418173055,20230418173439,03
01,76284363982,20230417055922,20230417065203,11
02,73860640184,20230422084938,20230422091721,11
01,72630505454,20230419033659,20230419040747,03
02,76284363982,20230420215628,20230420220548,11
01,73860640184,20230422110602,20230422120338,11
01,72630505454,20230420073115,20230420080153,03
01,79815714809,20230420203123,20230420210819,03
01,76284363982,20230421112919,20230421122024,11
01,73860640184,20230422125141,20230422134139,11
02,72630505454,20230420141844,20230420144102,03
02,76065609589,20230417053733,20230417055151,03
01,78034814365,20230303144204,20230303145858,11
02,70096540593,20230422023429,20230422031203,03
01,70016534223,20230411154231,20230411155446,11
02,74879194723,20230413051745,20230413053355,11
02,73860640184,20230422140201,20230422145629,11
02,72630505454,20230421201836,20230421202051,03
02,73860640184,20230422150350,20230422154900,11
02,72630505454,20230422112145,20230422115428,03
01,73860640184,20230422163229,20230422173046,11
01,73860640184,20230422182024,20230422190449,11
02,76065609589,20230418231930,20230419001029,03
01,78034814365,20230321130829,20230321131539,11
01,70096540593,20230422092227,20230422101149,03
01,70016534223,20230415170453,20230415180154,11
02,79517294826,20230418114700,20230418124612,11
02,79045508048,20220517005510,20220517015127,03
02,73860640184,20230422194555,20230422202548,11
01,73860640184,20230422212224,20230422215903,11
01,73860640184,20230422223618,20230422225316,11
01,76065609589,20230419081523,20230419084120,03
02,78034814365,20230329182233,20230329185223,11
01,76065609589,20230419210124,20230419213453,03
02,70096540593,20230422141545,20230422151159,03
01,70016534223,20230420202929,20230420212047,11
01,79517294826,20230422035136,20230422041808,11
01,79116108246,20230225022458,20230225023954,11
01,79531194798,20230403200718,20230403201929,06
02,79033548952,20230421192106,20230421195720,06
02,79957162308,20230419051809,20230419055944,06
02,70096540593,20230422153620,20230422162845,03
01,70016534223,20230421122921,20230421125648,11
02,79517294826,20230422060514,20230422070309,11
02,79116108246,20230321144753,20230321153511,11
01,79531194798,20230410135655,20230410142233,06
01,79033548952,20230421231946,20230421233434,06
02,72689298017,20230329022041,20230329030746,06
01,72018128999,20230421101544,20230421102605,11
01,77725095327,20230315142340,20230315145525,11
01,70096540593,20230422163444,20230422165559,03
02,70016534223,20230422015628,20230422020250,11
01,79517294826,20230422121555,20230422125457,11
01,70096540593,20230422171700,20230422173253,03
02,70016534223,20230422055424,20230422055840,11
02,79116108246,20230421144616,20230421151511,11
02,79531194798,20230421043233,20230421050351,06
02,79033548952,20230422084124,20230422092022,06
02,72689298017,20230407092623,20230407095410,06
02,72018128999,20230422075818,20230422080040,11
02,79777029097,20230412125739,20230412131449,03
02,70183586646,20230311084052,20230311085359,06
01,79116108246,20230421181430,20230421183041,11
01,79531194798,20230421054817,20230421060358,06
02,79033548952,20230422150525,20230422151946,06
01,72689298017,20230416013815,20230416022056,06
01,72018128999,20230422121056,20230422125140,11
01,79116108246,20230422115534,20230422124829,11
01,79531194798,20230421211031,20230421214751,06
01,79033548952,20230422161146,20230422162257,06
02,72689298017,20230418064143,20230418070549,06
01,79116108246,20230422145801,20230422154426,11
01,79116108246,20230422155727,20230422161616,11
01,79531194798,20230422041639,20230422041857,06
02,79033548952,20230422162637,20230422165755,06
02,79777029097,20230418183110,20230418192910,03
02,70183586646,20230418113442,20230418114024,06
02,78846878130,20230422091204,20230422094451,11
02,76922659068,20230314143025,20230314151905,03
01,79116108246,20230422164724,20230422172836,11
01,79531194798,20230422043653,20230422043829,06
02,79033548952,20230422172838,20230422180112,06
02,79777029097,20230419070740,20230419071614,03
01,70183586646,20230420011036,20230420015911,06
02,78846878130,20230422102025,20230422105650,11
01,79116108246,20230422182259,20230422184128,11
02,79531194798,20230422144710,20230422145610,06
01,79033548952,20230422183044,20230422184830,06
02,79777029097,20230419181736,20230419190807,03
02,70183586646,20230421193617,20230421202230,06
02,76922659068,20230402151820,20230402160849,03
01,79742038849,20230314125917,20230314130002,03
02,79833019763,20230321191126,20230321200059,06
01,75129989125,20230405053632,20230405055921,11
02,79126435787,20230410075044,20230410082702,03
01,79531194798,20230422145926,20230422151043,06
01,79033548952,20230422192438,20230422194718,06
02,79033548952,20230422204157,20230422210504,06
01,79777029097,20230422121630,20230422131118,03
01,70183586646,20230422131352,20230422141244,06
01,76922659068,20230405190526,20230405192318,03
01,79742038849,20230329020834,20230329022346,03
02,79833019763,20230417161230,20230417170056,06
01,75129989125,20230417203618,20230417213208,11
02,79126435787,20230419111336,20230419121139,03
01,74608787017,20230311134215,20230311142633,11
01,72362407739,20230318172030,20230318172420,03
02,79673874281,20230422131923,20230422132636,06
01,75641097521,20230213225414,20230213232347,03
01,77614211985,20230410061733,20230410062749,06
02,76377222521,20230419184503,20230419194345,06
01,71880931685,20230317183210,20230317183306,03
02,79265539006,20230421134321,20230421140134,03
02,79033548952,20230422213741,20230422215309,06
02,79777029097,20230422142930,20230422144042,03
01,79033548952,20230422220709,20230422225554,06
01,70183586646,20230422150317,20230422153840,06
01,76922659068,20230421162159,20230421170608,03
02,79742038849,20230331141519,20230331151401,03
02,79833019763,20230421111154,20230421112100,06
01,75129989125,20230421001054,20230421003441,11
01,79126435787,20230420044522,20230420045629,03
01,74608787017,20230325142356,20230325144902,11
02,72362407739,20230418010210,20230418014526,03
02,70183586646,20230422163240,20230422172531,06
02,76922659068,20230422150839,20230422153906,03
02,79742038849,20230401085224,20230401094043,03
01,79833019763,20230421115503,20230421120955,06
02,75129989125,20230422061424,20230422062058,11
01,79126435787,20230422112541,20230422121451,03
02,74608787017,20230405044728,20230405054711,11
01,72362407739,20230418073644,20230418082223,03
01,70183586646,20230422172649,20230422181552,06
01,76922659068,20230422154141,20230422154957,03
02,79742038849,20230410225259,20230410231543,03
02,79833019763,20230422121642,20230422130946,06
01,75129989125,20230422122826,20230422131000,11
02,79126435787,20230422123237,20230422124625,03
02,74608787017,20230415095741,20230415104339,11
02,72362407739,20230422041529,20230422041853,03
01,76922659068,20230422155248,20230422160919,03
01,79742038849,20230413100305,20230413104329,03
02,76922659068,20230422165632,20230422172633,03
01,79833019763,20230422132844,20230422135634,06
02,75129989125,20230422135949,20230422142259,11
01,79126435787,20230422133004,20230422140931,03
02,79833019763,20230422145122,20230422155102,06
02,75129989125,20230422144445,20230422153055,11
02,74608787017,20230420081915,20230420083044,11
02,79673874281,20230422133156,20230422143112,06
01,75641097521,20230401135355,20230401141428,03
02,77614211985,20230420205020,20230420205658,06
01,76377222521,20230422044051,20230422045826,06
01,71880931685,20230414231927,20230415001309,03
02,79833178697,20230301213850,20230301214141,11
01,79696219232,20230302094651,20230302102821,06
01,75129989125,20230422161751,20230422171302,11
02,74608787017,20230421174552,20230421182535,11
02,79673874281,20230422144334,20230422152746,06
02,75641097521,20230408101625,20230408104259,03
01,75129989125,20230422172855,20230422180141,11
01,74608787017,20230422141252,20230422143517,11
01,79673874281,20230422161901,20230422165250,06
02,75641097521,20230414050851,20230414053949,03
02,75129989125,20230422184617,20230422192815,11
01,74608787017,20230422145551,20230422154409,11
02,75129989125,20230422194417,20230422202026,11
02,79673874281,20230422170619,20230422172255,06
01,75641097521,20230421065947,20230421075237,03
02,75129989125,20230422211110,20230422215902,11
02,79673874281,20230422181625,20230422190153,06
01,77614211985,20230421012900,20230421013524,06
01,76377222521,20230422053849,20230422063044,06
02,71880931685,20230415233411,20230415234008,03
01,79833178697,20230312090457,20230312094140,11
01,79696219232,20230324092456,20230324093959,06
01,79069903202,20230106002214,20230106011742,03
02,79970194518,20230204055251,20230204060204,11
01,78830063381,20230421204556,20230421214028,11
01,74973772714,20230127034122,20230127042752,11
01,79390151289,20230318222717,20230318230047,11
02,76522919742,20230418235744,20230419003741,06
02,77180579773,20230331171243,20230331171725,11
01,78121877239,20221227183712,20221227190005,06
01,76385752274,20230413175601,20230413180421,11
02,77614211985,20230421145749,20230421154558,06
01,76377222521,20230422101157,20230422110212,06
01,71880931685,20230421083721,20230421085451,03
02,79833178697,20230420215749,20230420221700,11
01,79696219232,20230411194342,20230411204028,06
01,79069903202,20230220021808,20230220023917,03
01,79970194518,20230402181746,20230402183355,11
01,78830063381,20230421232857,20230421234459,11
02,74973772714,20230313123047,20230313131227,11
02,79390151289,20230330030116,20230330034400,11
01,77614211985,20230421222616,20230421232147,06
02,76377222521,20230422135524,20230422135718,06
01,71880931685,20230421232037,20230422001426,03
02,79833178697,20230421203941,20230421205127,11
01,79696219232,20230412231752,20230413001005,06
01,79069903202,20230223100202,20230223101840,03
02,79970194518,20230411082233,20230411090016,11
01,77614211985,20230421232503,20230421235724,06
02,76377222521,20230422142202,20230422150646,06
01,71880931685,20230422104135,20230422110600,03
02,77614211985,20230422065720,20230422075650,06
02,76377222521,20230422150737,20230422160138,06
02,71880931685,20230422133036,20230422134348,03
01,79833178697,20230422110126,20230422112906,11
01,79696219232,20230416004103,20230416005639,06
02,77614211985,20230422094536,20230422101850,06
01,76377222521,20230422164358,20230422170706,06
02,71880931685,20230422142728,20230422151601,03
02,79833178697,20230422121243,20230422123315,11
01,79696219232,20230421194126,20230421200338,06
01,77614211985,20230422150254,20230422155126,06
02,76377222521,20230422171756,20230422175047,06
01,71880931685,20230422153719,20230422155719,03
01,79833178697,20230422125131,20230422134403,11
02,77614211985,20230422155926,20230422165024,06
02,76377222521,20230422181507,20230422185825,06
01,77614211985,20230422173420,20230422180121,06
02,71880931685,20230422164503,20230422170423,03
02,79069903202,20230227075156,20230227081026,03
02,78830063381,20230422040903,20230422045528,11
02,74973772714,20230412202435,20230412211150,11
02,77614211985,20230422183655,20230422184133,06
02,71880931685,20230422180251,20230422190011,03
02,79069903202,20230309194733,20230309203621,03
01,78830063381,20230422071255,20230422073638,11
01,74973772714,20230420235710,20230421002750,11
02,76522919742,20230422072923,20230422075229,06
02,77180579773,20230411191011,20230411191248,11
01,78121877239,20230210032546,20230210033315,06
02,79722943972,20230412001003,20230412010527,03
02,79275123968,20230113200057,20230113201529,06
01,79880756249,20230206014426,20230206021809,06
02,71984529586,20230416115250,20230416123654,06
02,79983636462,20230422150856,20230422151455,11
02,79129914832,20230422033008,20230422035151,03
02,79025222861,20230122131724,20230122132854,03
02,79190934281,20230419184419,20230419194321,03
02,74667687799,20230422044726,20230422053953,06
02,79590365704,20230301032802,20230301042435,03
01,71011481905,20221126071941,20221126073556,11
01,79217069721,20230406193418,20230406195019,06
02,79075446910,20230421140039,20230421140742,06
02,79259256792,20230308011445,20230308015824,03
01,79050299491,20230421014806,20230421020256,11
02,77868516486,20221010111420,20221010114711,06
02,79781932282,20230418060228,20230418064252,11
01,73192224862,20230202124249,20230202125600,06
02,79632011708,20230209094403,20230209104035,03
01,79791746439,20230415183359,20230415185110,06
01,79763956313,20230123224751,20230123224955,06
02,77870367936,20230409150331,20230409154319,06
01,72444773300,20230408152648,20230408155904,06
01,79069903202,20230416195107,20230416203257,03
01,78830063381,20230422095215,20230422105144,11
01,74973772714,20230422043553,20230422050230,11
02,76522919742,20230422115909,20230422125457,06
01,79069903202,20230420042036,20230420044809,03
01,78830063381,20230422115856,20230422124512,11
02,74973772714,20230422135918,20230422145619,11
02,76522919742,20230422150731,20230422155549,06
01,77180579773,20230413002811,20230413005207,11
01,78121877239,20230217182349,20230217190608,06
01,79722943972,20230416234952,20230417000942,03
02,79275123968,20230402082218,20230402085803,06
01,79880756249,20230316151840,20230316160229,06
02,71984529586,20230422051138,20230422052823,06
01,79983636462,20230422152559,20230422161704,11
02,79129914832,20230422085554,20230422094114,03
01,79025222861,20230125120725,20230125123732,03
01,79190934281,20230421175301,20230421184708,03
02,78830063381,20230422140027,20230422150011,11
02,74973772714,20230422150907,20230422152655,11
01,76522919742,20230422160515,20230422163457,06
02,78830063381,20230422150950,20230422151028,11
01,74973772714,20230422154754,20230422160124,11
02,78830063381,20230422152049,20230422160440,11
02,77180579773,20230415205506,20230415213332,11
01,78121877239,20230329085353,20230329092359,06
01,79722943972,20230417180651,20230417185447,03
01,79275123968,20230415065625,20230415071200,06
01,79880756249,20230404061939,20230404064023,06
01,71984529586,20230422123442,20230422123854,06
01,77180579773,20230417135606,20230417141529,11
02,78121877239,20230406100157,20230406100345,06
01,79722943972,20230422043410,20230422052106,03
01,79275123968,20230416181227,20230416185436,06
01,79880756249,20230404181316,20230404184817,06
02,79983636462,20230422164219,20230422172957,11
01,79129914832,20230422140654,20230422150145,03
01,79025222861,20230303053435,20230303062827,03
02,74667687799,20230422074124,20230422074533,06
01,79590365704,20230308212639,20230308213503,03
01,71011481905,20230326161501,20230326162403,11
01,79217069721,20230422022240,20230422024930,06
02,79075446910,20230421225906,20230421234401,06
02,79259256792,20230328113352,20230328122059,03
02,79050299491,20230422011629,20230422013831,11
02,77868516486,20230104180048,20230104182602,06
02,77180579773,20230420063632,20230420064346,11
01,78121877239,20230421012235,20230421012257,06
02,79722943972,20230422102256,20230422102530,03
01,79275123968,20230419191832,20230419195004,06
01,77180579773,20230422064342,20230422070204,11
02,78121877239,20230421191337,20230421191755,06
01,79722943972,20230422142755,20230422150826,03
01,77180579773,20230422131952,20230422132107,11
01,78121877239,20230422121916,20230422131758,06
01,79722943972,20230422150839,20230422153113,03
01,77180579773,20230422140559,20230422150017,11
01,78121877239,20230422143440,20230422150303,06
02,79880756249,20230414194702,20230414204244,06
01,79983636462,20230422181636,20230422183538,11
01,77180579773,20230422150359,20230422152406,11
01,78121877239,20230422150750,20230422160432,06
01,79880756249,20230420083839,20230420091536,06
02,79983636462,20230422191046,20230422192554,11
01,79129914832,20230422150653,20230422151504,03
01,79025222861,20230307153525,20230307153534,03
02,74667687799,20230422094128,20230422103755,06
02,79590365704,20230317040103,20230317044951,03
01,78121877239,20230422170400,20230422174856,06
02,79880756249,20230421104726,20230421105010,06
01,79983636462,20230422201532,20230422204312,11
02,79129914832,20230422155552,20230422165024,03
01,79025222861,20230404013946,20230404022908,03
02,74667687799,20230422144301,20230422152459,06
01,71011481905,20230331022610,20230331024110,11
02,79217069721,20230422074145,20230422082610,06
01,79075446910,20230422050235,20230422053411,06
02,79259256792,20230412090620,20230412093123,03
01,79983636462,20230422212854,20230422213854,11
02,79129914832,20230422171953,20230422172054,03
01,79025222861,20230415173236,20230415180126,03
01,79129914832,20230422174659,20230422175148,03
02,79025222861,20230421005301,20230421010924,03
01,74667687799,20230422153051,20230422154947,06
02,71011481905,20230406153927,20230406163014,11
02,79217069721,20230422120558,20230422124220,06
02,79075446910,20230422083305,20230422091452,06
01,79050299491,20230422052055,20230422060455,11
01,79781932282,20230420045109,20230420051237,11
01,73192224862,20230312065640,20230312072447,06
02,79632011708,20230228192637,20230228201832,03
02,79025222861,20230421170703,20230421173409,03
02,74667687799,20230422164011,20230422172151,06
01,79025222861,20230422070206,20230422075947,03
01,71011481905,20230407013628,20230407021751,11
01,79217069721,20230422144827,20230422153119,06
01,79075446910,20230422112839,20230422115049,06
02,79050299491,20230422092533,20230422102504,11
01,79781932282,20230421144045,20230421145500,11
02,73192224862,20230420090702,20230420093606,06
01,79632011708,20230325020426,20230325024619,03
02,79791746439,20230418111757,20230418121557,06
01,79763956313,20230331152311,20230331161723,06
01,77870367936,20230413093623,20230413101636,06
01,73908852278,20221219200209,20221219203850,06
01,75121914965,20230420044857,20230420052045,06
02,79794622349,20230421174419,20230421180415,03
02,79872598807,20230409173651,20230409181732,11
02,79025222861,20230422115353,20230422125234,03
01,71011481905,20230414211026,20230414212913,11
01,79217069721,20230422153930,20230422160914,06
01,79075446910,20230422123908,20230422133613,06
01,71011481905,20230416211455,20230416220202,11
01,79217069721,20230422161934,20230422170507,06
02,79050299491,20230422104648,20230422105035,11
02,79781932282,20230422120351,20230422125034,11
01,73192224862,20230422091010,20230422091522,06
01,79632011708,20230417124404,20230417125353,03
01,79791746439,20230420160341,20230420161546,06
01,79763956313,20230411095149,20230411100320,06
01,71011481905,20230420231729,20230420233758,11
01,79217069721,20230422172338,20230422181221,06
02,79050299491,20230422130704,20230422140612,11
01,79781932282,20230422130719,20230422132357,11
01,73192224862,20230422135909,20230422145451,06
02,79632011708,20230421231017,20230421231740,03
02,79791746439,20230421142300,20230421143019,06
02,77870367936,20230421210406,20230421214629,06
02,73908852278,20230211003912,20230211011129,06
02,75121914965,20230420115203,20230420120520,06
02,71011481905,20230421100700,20230421110436,11
01,79217069721,20230422185036,20230422185102,06
01,79217069721,20230422190417,20230422200122,06
02,79050299491,20230422142746,20230422150708,11
01,79781932282,20230422134320,20230422135528,11
01,79217069721,20230422204716,20230422213458,06
02,79050299491,20230422150854,20230422154545,11
01,73192224862,20230422145520,20230422155031,06
01,79050299491,20230422163931,20230422173052,11
02,73192224862,20230422160015,20230422161008,06
02,79050299491,20230422180248,20230422190235,11
01,79050299491,20230422193749,20230422200907,11
01,73192224862,20230422162452,20230422163731,06
01,79632011708,20230422062119,20230422064033,03
02,79791746439,20230421215121,20230421220150,06
01,77870367936,20230422055027,20230422064744,06
02,73908852278,20230312231022,20230312235323,06
02,79794622349,20230422020756,20230422024730,03
02,79872598807,20230417010929,20230417014546,11
02,79131451412,20230315165350,20230315171829,11
02,79088463195,20230422120608,20230422123433,06
02,79412541918,20230202025741,20230202032824,11
02,79736444662,20230308213647,20230308221240,03
01,79711584995,20230212092801,20230212093907,03
01,79613847235,20230417031835,20230417032906,03
02,79088014472,20230331160935,20230331161713,06
01,76635922525,20230422071144,20230422081132,03
01,79532620700,20230321040204,20230321042609,11
02,75603456382,20230320034013,20230320035108,06
01,79290232628,20230415184800,20230415191423,11
01,77985855603,20230312020324,20230312024510,06
02,79510560379,20230417222222,20230417230445,03
02,79632011708,20230422133030,20230422134906,03
01,79791746439,20230421221148,20230421223202,06
01,79632011708,20230422140228,20230422144555,03
01,79791746439,20230422101736,20230422103913,06
02,79791746439,20230422141058,20230422143752,06
01,77870367936,20230422114434,20230422120802,06
02,73908852278,20230417194935,20230417201128,06
01,79791746439,20230422144029,20230422152544,06
01,77870367936,20230422131559,20230422131654,06
01,79791746439,20230422162041,20230422162423,06
01,77870367936,20230422140519,20230422150423,06
01,79794622349,20230422085529,20230422091357,03
02,79872598807,20230421012920,20230421015538,11
01,79131451412,20230404074426,20230404082304,11
01,79088463195,20230422150436,20230422154604,06
01,79412541918,20230328043600,20230328045409,11
02,79736444662,20230403075755,20230403083156,03
02,79711584995,20230415042613,20230415050631,03
02,79613847235,20230418162733,20230418172646,03
01,79088014472,20230403203502,20230403204427,06
01,76635922525,20230422105216,20230422110400,03
01,79532620700,20230422082441,20230422091032,11
02,75603456382,20230329192748,20230329195417,06
02,79290232628,20230416161225,20230416161254,11
02,77985855603,20230313091443,20230313092905,06
01,73448648376,20230317023655,20230317031609,11
02,78114240014,20230404130902,20230404132020,11
01,78695569014,20230414021425,20230414025525,06
01,77870367936,20230422150730,20230422151123,06
02,79794622349,20230422133139,20230422142212,03
02,79872598807,20230422013408,20230422021921,11
01,79131451412,20230417212021,20230417220351,11
02,79088463195,20230422163727,20230422170715,06
01,79412541918,20230421044232,20230421051244,11
01,79736444662,20230410020705,20230410025216,03
01,79711584995,20230417015228,20230417023800,03
02,79613847235,20230420031717,20230420033125,03
02,79088014472,20230409074243,20230409083409,06
02,76635922525,20230422131429,20230422131528,03
02,79532620700,20230422105256,20230422113737,11
02,75603456382,20230405210822,20230405212537,06
01,79290232628,20230416232925,20230416235915,11
01,77985855603,20230322172526,20230322173728,06
02,73448648376,20230414184835,20230414185617,11
01,78114240014,20230419122534,20230419125851,11
02,79094289272,20230105154558,20230105161924,11
02,79783941768,20221111020949,20221111022752,11
01,73363786972,20230416044254,20230416051729,06
02,74052813338,20230402003416,20230402003753,06
02,79857276437,20230421011122,20230421020854,11
01,79817404678,20230417110238,20230417114913,03
01,74534775755,20230305012459,20230305012746,03
02,75270866217,20230328160848,20230328165239,03
01,79747692391,20230403183026,20230403185648,06
02,79794622349,20230422142249,20230422143827,03
02,79872598807,20230422073607,20230422080344,11
01,79794622349,20230422144605,20230422151749,03
01,79872598807,20230422110840,20230422114146,11
01,79131451412,20230418193206,20230418195151,11
01,79794622349,20230422160249,20230422170147,03
01,79872598807,20230422130220,20230422135617,11
01,79131451412,20230421025650,20230421034651,11
01,79088463195,20230422180316,20230422180826,06
01,79412541918,20230422012814,20230422014827,11
02,79736444662,20230410115019,20230410123101,03
01,79711584995,20230417065853,20230417073135,03
02,79613847235,20230420202353,20230420205048,03
02,79088014472,20230412005839,20230412012831,06
02,76635922525,20230422143937,20230422145542,03
02,79532620700,20230422134419,20230422141629,11
02,75603456382,20230421182750,20230421183752,06
01,79794622349,20230422170434,20230422175010,03
02,79872598807,20230422135934,20230422141038,11
02,79131451412,20230421192223,20230421200629,11
01,79088463195,20230422183307,20230422193009,06
01,79412541918,20230422125916,20230422132437,11
01,79736444662,20230419043335,20230419044641,03
02,79711584995,20230422085734,20230422092259,03
02,79872598807,20230422142601,20230422151003,11
02,79131451412,20230422104515,20230422110615,11
02,79088463195,20230422201902,20230422211124,06
02,79412541918,20230422144854,20230422145641,11
02,79736444662,20230422111913,20230422115332,03
02,79872598807,20230422151338,20230422152453,11
01,79131451412,20230422135658,20230422143454,11
01,79088463195,20230422213626,20230422223305,06
01,79412541918,20230422150141,20230422150602,11
01,79736444662,20230422143726,20230422153000,03
01,79613847235,20230422081700,20230422090509,03
02,79088014472,20230416041444,20230416051033,06
02,76635922525,20230422145935,20230422152115,03
02,79532620700,20230422141945,20230422150448,11
01,79088463195,20230422225302,20230422233402,06
02,79412541918,20230422150709,20230422154448,11
01,79736444662,20230422161337,20230422165742,03
01,79613847235,20230422125059,20230422130227,03
02,79412541918,20230422161919,20230422170747,11
02,79736444662,20230422165929,20230422173118,03
02,79088014472,20230420074631,20230420081624,06
01,76635922525,20230422154150,20230422160202,03
02,79290232628,20230421115706,20230421123318,11
01,77985855603,20230329133617,20230329134747,06
02,73448648376,20230415230322,20230415233304,11
01,78114240014,20230421004824,20230421005251,11
02,79094289272,20230307012045,20230307021925,11
02,79783941768,20221119172145,20221119175805,11
01,73363786972,20230418210222,20230418213213,06
02,74052813338,20230417032250,20230417034627,06
02,79857276437,20230421051633,20230421054705,11
02,79817404678,20230418103748,20230418112510,03
02,74534775755,20230407061652,20230407071230,03
02,75270866217,20230415085726,20230415095130,03
02,70717446703,20230419131758,20230419132647,11
01,79916004568,20230405001758,20230405004934,03
02,75055053709,20221202141314,20221202142620,06
02,79042612961,20230412012519,20230412021639,11
01,79736444662,20230422183034,20230422185034,03
01,79736444662,20230422185039,20230422193429,03
01,79088014472,20230422035808,20230422042703,06
01,76635922525,20230422164952,20230422171115,03
01,79088014472,20230422090110,20230422090908,06
02,76635922525,20230422174151,20230422183719,03
01,79290232628,20230422042423,20230422045352,11
01,79088014472,20230422104044,20230422105630,06
01,76635922525,20230422185031,20230422191440,03
01,79088014472,20230422142324,20230422151916,06
02,76635922525,20230422193810,20230422195755,03
02,79088014472,20230422160519,20230422162028,06
01,77985855603,20230407070152,20230407070634,06
02,73448648376,20230421152412,20230421155305,11
01,78114240014,20230421035150,20230421041243,11
01,79088014472,20230422171156,20230422180429,06
01,77985855603,20230411230641,20230411232646,06
02,73448648376,20230422020556,20230422024046,11
02,79094289272,20230312180741,20230312184656,11
02,79783941768,20230315134921,20230315140709,11
01,73363786972,20230420034346,20230420042031,06
02,74052813338,20230420091839,20230420101602,06
01,79857276437,20230421223739,20230421230818,11
02,79817404678,20230420090833,20230420094424,03
01,74534775755,20230420163048,20230420165403,03
01,75270866217,20230418091337,20230418100649,03
02,73448648376,20230422024716,20230422024743,11
01,79094289272,20230317054420,20230317062534,11
02,73448648376,20230422144633,20230422152625,11
01,79094289272,20230416022113,20230416025213,11
02,79783941768,20230315140928,20230315145210,11
01,73363786972,20230421135306,20230421145221,06
02,74052813338,20230420234817,20230420235345,06
01,79857276437,20230422142418,20230422150119,11
01,79817404678,20230421102514,20230421111032,03
02,74534775755,20230422103937,20230422105458,03
01,75270866217,20230420010100,20230420014033,03
01,70717446703,20230422150347,20230422152156,11
01,79916004568,20230405070112,20230405074635,03
01,75055053709,20230104174516,20230104183100,06
02,73448648376,20230422161355,20230422165509,11
01,79094289272,20230416154250,20230416160820,11
01,79783941768,20230331122849,20230331130659,11
01,73363786972,20230421210745,20230421215532,06
02,74052813338,20230422092659,20230422095456,06
02,79857276437,20230422150121,20230422154251,11
02,79817404678,20230422003710,20230422005504,03
01,74534775755,20230422125410,20230422130925,03
01,75270866217,20230420083053,20230420085712,03
02,73448648376,20230422172059,20230422173404,11
02,79094289272,20230420023125,20230420033058,11
02,73448648376,20230422175118,20230422180258,11
01,79783941768,20230410174218,20230410183649,11
02,73363786972,20230421235053,20230422001302,06
01,74052813338,20230422133731,20230422141642,06
01,79857276437,20230422154733,20230422160413,11
02,79783941768,20230413110609,20230413111752,11
02,73363786972,20230422074904,20230422084440,06
02,74052813338,20230422143051,20230422144006,06
01,79857276437,20230422165147,20230422172640,11
01,79817404678,20230422130148,20230422135933,03
02,74534775755,20230422134650,20230422135517,03
01,70717446703,20230422153703,20230422163344,11
01,79916004568,20230406034548,20230406044220,03
02,79620752014,20230103183713,20230103191923,11
01,78838046794,20230422142007,20230422145313,06
02,71656739062,20230411084317,20230411092436,11
01,79783941768,20230420003422,20230420004302,11
02,73363786972,20230422122014,20230422130348,06
02,74052813338,20230422145003,20230422154149,06
02,79857276437,20230422175311,20230422184135,11
02,73363786972,20230422133412,20230422142055,06
01,74052813338,20230422162138,20230422163554,06
02,73363786972,20230422144251,20230422152051,06
02,79817404678,20230422142424,20230422145307,03
02,74534775755,20230422144733,20230422145639,03
02,70717446703,20230422165022,20230422174946,11
02,79916004568,20230419012212,20230419014205,03
02,79620752014,20230310114438,20230310121759,11
01,78838046794,20230422145521,20230422153936,06
02,71656739062,20230419105130,20230419114627,11
01,73363786972,20230422155254,20230422162936,06
01,79817404678,20230422150819,20230422155709,03
01,74534775755,20230422150348,20230422152949,03
02,70717446703,20230422183852,20230422190830,11
02,79916004568,20230419140556,20230419145053,03
01,79620752014,20230411084821,20230411093351,11
01,78838046794,20230422163538,20230422164242,06
01,71656739062,20230422102134,20230422111407,11
02,73363786972,20230422171210,20230422175622,06
01,79817404678,20230422164129,20230422170224,03
02,74534775755,20230422160132,20230422163735,03
01,70717446703,20230422190844,20230422200834,11
01,79916004568,20230422124146,20230422133726,03
02,79817404678,20230422173459,20230422183333,03
02,74534775755,20230422170037,20230422173820,03
02,70717446703,20230422210223,20230422212245,11
02,79916004568,20230422145054,20230422153737,03
01,79620752014,20230420112655,20230420120709,11
02,78838046794,20230422171817,20230422174652,06
01,71656739062,20230422124237,20230422132557,11
02,74534775755,20230422175545,20230422184821,03
02,74534775755,20230422193757,20230422195716,03
01,70717446703,20230422214940,20230422215529,11
01,79916004568,20230422153816,20230422155747,03
02,79620752014,20230421192726,20230421194758,11
01,78838046794,20230422183124,20230422193038,06
02,71656739062,20230422142921,20230422143123,11
01,79916004568,20230422163326,20230422164638,03
02,79620752014,20230422042931,20230422050425,11
02,78838046794,20230422201959,20230422211852,06
01,71656739062,20230422143246,20230422145845,11
01,79620752014,20230422054506,20230422054823,11
01,78838046794,20230422213156,20230422220327,06
01,71656739062,20230422150439,20230422152419,11
01,79620752014,20230422083854,20230422090415,11
01,78838046794,20230422221818,20230422225443,06
02,79620752014,20230422141947,20230422150643,11
01,78838046794,20230422230138,20230422232809,06
02,78838046794,20230423000255,20230423004552,06
